For the sentence the president has relinquished his control of the company s board
using bigrams no smothing technique
------------------------------- Matrix -----------------------------------------
[0, 4, 0, 0, 0, 0, 0, 0, 93, 0, 171]
[0, 0, 0, 0, 0, 0, 14, 0, 0, 1, 0]
[0, 0, 0, 0, 0, 0, 0, 0, 0, 0, 0]
[0, 0, 0, 0, 1, 0, 0, 0, 0, 0, 0]
[0, 0, 0, 0, 0, 2, 0, 0, 3, 0, 4]
[0, 0, 0, 0, 0, 0, 5, 0, 0, 0, 0]
[267, 3, 0, 0, 4, 1, 0, 267, 1, 0, 2]
[0, 4, 0, 0, 0, 0, 0, 0, 93, 0, 171]
[0, 0, 0, 0, 0, 0, 0, 0, 0, 42, 0]
[3, 2, 0, 0, 0, 0, 1, 3, 0, 0, 48]
[1, 0, 11, 0, 0, 0, 33, 1, 0, 17, 0]
------------------------------- ProbabilityMatrix ------------------------------
[0.0, 0.002526847757422615, 0.0, 0.0, 0.0, 0.0, 0.0, 0.0, 0.058749210360075806, 0.0, 0.1080227416298168]
[0.0, 0.0, 0.0, 0.0, 0.0, 0.0, 0.14432989690721648, 0.0, 0.0, 0.010309278350515464, 0.0]
[0.0, 0.0, 0.0, 0.0, 0.0, 0.0, 0.0, 0.0, 0.0, 0.0, 0.0]
[0.0, 0.0, 0.0, 0.0, 1.0, 0.0, 0.0, 0.0, 0.0, 0.0, 0.0]
[0.0, 0.0, 0.0, 0.0, 0.0, 0.022727272727272728, 0.0, 0.0, 0.03409090909090909, 0.0, 0.045454545454545456]
[0.0, 0.0, 0.0, 0.0, 0.0, 0.0, 0.35714285714285715, 0.0, 0.0, 0.0, 0.0]
[0.2831389183457052, 0.003181336161187699, 0.0, 0.0, 0.0042417815482502655, 0.0010604453870625664, 0.0, 0.2831389183457052, 0.0010604453870625664, 0.0, 0.0021208907741251328]
[0.0, 0.002526847757422615, 0.0, 0.0, 0.0, 0.0, 0.0, 0.0, 0.058749210360075806, 0.0, 0.1080227416298168]
[0.0, 0.0, 0.0, 0.0, 0.0, 0.0, 0.0, 0.0, 0.0, 0.28378378378378377, 0.0]
[0.007772020725388601, 0.0051813471502590676, 0.0, 0.0, 0.0, 0.0, 0.0025906735751295338, 0.007772020725388601, 0.0, 0.0, 0.12435233160621761]
[0.0025906735751295338, 0.0, 0.02849740932642487, 0.0, 0.0, 0.0, 0.08549222797927461, 0.0025906735751295338, 0.0, 0.04404145077720207, 0.0]
------------------------------- SentenceProbability ----------------------------
Probability of sentence 1 is 0.0 



For the sentence the chief executive officer said the last year revenue was good
using bigrams no smothing technique
------------------------------- Matrix -----------------------------------------
[0, 1, 4, 0, 0, 0, 4, 3, 0, 0, 0]
[0, 0, 169, 0, 1, 0, 0, 0, 0, 0, 0]
[0, 0, 0, 114, 7, 0, 0, 0, 0, 0, 0]
[0, 0, 0, 0, 17, 0, 1, 0, 0, 3, 0]
[33, 1, 0, 0, 0, 33, 0, 0, 0, 1, 0]
[0, 1, 4, 0, 0, 0, 4, 3, 0, 0, 0]
[0, 0, 0, 0, 0, 0, 0, 4, 0, 0, 0]
[0, 0, 0, 0, 1, 0, 0, 0, 0, 0, 0]
[0, 0, 0, 0, 0, 0, 0, 0, 0, 0, 0]
[5, 0, 0, 0, 0, 5, 0, 0, 0, 0, 0]
[0, 0, 0, 0, 0, 0, 0, 0, 0, 0, 0]
------------------------------- ProbabilityMatrix ------------------------------
[0.0, 0.0006317119393556538, 0.002526847757422615, 0.0, 0.0, 0.0, 0.002526847757422615, 0.0018951358180669614, 0.0, 0.0, 0.0]
[0.0, 0.0, 0.8622448979591837, 0.0, 0.00510204081632653, 0.0, 0.0, 0.0, 0.0, 0.0, 0.0]
[0.0, 0.0, 0.0, 0.5968586387434555, 0.03664921465968586, 0.0, 0.0, 0.0, 0.0, 0.0, 0.0]
[0.0, 0.0, 0.0, 0.0, 0.125, 0.0, 0.007352941176470588, 0.0, 0.0, 0.022058823529411766, 0.0]
[0.11743772241992882, 0.0035587188612099642, 0.0, 0.0, 0.0, 0.11743772241992882, 0.0, 0.0, 0.0, 0.0035587188612099642, 0.0]
[0.0, 0.0006317119393556538, 0.002526847757422615, 0.0, 0.0, 0.0, 0.002526847757422615, 0.0018951358180669614, 0.0, 0.0, 0.0]
[0.0, 0.0, 0.0, 0.0, 0.0, 0.0, 0.0, 0.12121212121212122, 0.0, 0.0, 0.0]
[0.0, 0.0, 0.0, 0.0, 0.01694915254237288, 0.0, 0.0, 0.0, 0.0, 0.0, 0.0]
[0.0, 0.0, 0.0, 0.0, 0.0, 0.0, 0.0, 0.0, 0.0, 0.0, 0.0]
[0.02857142857142857, 0.0, 0.0, 0.0, 0.0, 0.02857142857142857, 0.0, 0.0, 0.0, 0.0, 0.0]
[0.0, 0.0, 0.0, 0.0, 0.0, 0.0, 0.0, 0.0, 0.0, 0.0, 0.0]
------------------------------- SentenceProbability ----------------------------
Probability of sentence 1 is 0.0 Probability of sentence 2 is 0.0




For the sentence the president has relinquished his control of the company s board
using bigrams with smothing technique - Add one
------------------------------- Matrix ----------------------------------
[1, 5, 1, 1, 1, 1, 1, 1, 94, 1, 172]
[1, 1, 1, 1, 1, 1, 15, 1, 1, 2, 1]
[1, 1, 1, 1, 1, 1, 1, 1, 1, 1, 1]
[1, 1, 1, 1, 2, 1, 1, 1, 1, 1, 1]
[1, 1, 1, 1, 1, 3, 1, 1, 4, 1, 5]
[1, 1, 1, 1, 1, 1, 6, 1, 1, 1, 1]
[268, 4, 1, 1, 5, 2, 1, 268, 2, 1, 3]
[1, 5, 1, 1, 1, 1, 1, 1, 94, 1, 172]
[1, 1, 1, 1, 1, 1, 1, 1, 1, 43, 1]
[4, 3, 1, 1, 1, 1, 2, 4, 1, 1, 49]
[2, 1, 12, 1, 1, 1, 34, 2, 1, 18, 1]
------------------------------- ProbabilityMatrix ------------------------------
[0.00014943215780035862, 0.0007471607890017932, 0.00014943215780035862, 0.00014943215780035862, 0.00014943215780035862, 0.00014943215780035862, 0.00014943215780035862, 0.00014943215780035862, 0.014046622833233711, 0.00014943215780035862, 0.025702331141661684]
[0.0001920860545524395, 0.0001920860545524395, 0.0001920860545524395, 0.0001920860545524395, 0.0001920860545524395, 0.0001920860545524395, 0.0028812908182865925, 0.0001920860545524395, 0.0001920860545524395, 0.000384172109104879, 0.0001920860545524395]
[0.00019234468166955183, 0.00019234468166955183, 0.00019234468166955183, 0.00019234468166955183, 0.00019234468166955183, 0.00019234468166955183, 0.00019234468166955183, 0.00019234468166955183, 0.00019234468166955183, 0.00019234468166955183, 0.00019234468166955183]
[0.00019569471624266145, 0.00019569471624266145, 0.00019569471624266145, 0.00019569471624266145, 0.0003913894324853229, 0.00019569471624266145, 0.00019569471624266145, 0.00019569471624266145, 0.00019569471624266145, 0.00019569471624266145, 0.00019569471624266145]
[0.00019241870309794111, 0.00019241870309794111, 0.00019241870309794111, 0.00019241870309794111, 0.00019241870309794111, 0.0005772561092938234, 0.00019241870309794111, 0.00019241870309794111, 0.0007696748123917645, 0.00019241870309794111, 0.0009620935154897056]
[0.00019519812609798947, 0.00019519812609798947, 0.00019519812609798947, 0.00019519812609798947, 0.00019519812609798947, 0.00019519812609798947, 0.0011711887565879367, 0.00019519812609798947, 0.00019519812609798947, 0.00019519812609798947, 0.00019519812609798947]
[0.044282881692002646, 0.0006609385327164573, 0.00016523463317911433, 0.00016523463317911433, 0.0008261731658955717, 0.00033046926635822867, 0.00016523463317911433, 0.044282881692002646, 0.00033046926635822867, 0.00016523463317911433, 0.0004957038995373431]
[0.00014943215780035862, 0.0007471607890017932, 0.00014943215780035862, 0.00014943215780035862, 0.00014943215780035862, 0.00014943215780035862, 0.00014943215780035862, 0.00014943215780035862, 0.014046622833233711, 0.00014943215780035862, 0.025702331141661684]
[0.00019022256039566293, 0.00019022256039566293, 0.00019022256039566293, 0.00019022256039566293, 0.00019022256039566293, 0.00019022256039566293, 0.00019022256039566293, 0.00019022256039566293, 0.00019022256039566293, 0.008179570097013505, 0.00019022256039566293]
[0.0007279344858962694, 0.000545950864422202, 0.00018198362147406734, 0.00018198362147406734, 0.00018198362147406734, 0.00018198362147406734, 0.0003639672429481347, 0.0007279344858962694, 0.00018198362147406734, 0.00018198362147406734, 0.008917197452229299]
[0.0003639672429481347, 0.00018198362147406734, 0.002183803457688808, 0.00018198362147406734, 0.00018198362147406734, 0.00018198362147406734, 0.006187443130118289, 0.0003639672429481347, 0.00018198362147406734, 0.003275705186533212, 0.00018198362147406734]
------------------------------- SentenceProbability ----------------------------
Probability of sentence 1 is 8.02752712538e-30 



For the sentence the chief executive officer said the last year revenue was good
using bigrams with smothing technique - Add one
------------------------------- Matrix ----------------------------------
[1, 2, 5, 1, 1, 1, 5, 4, 1, 1, 1]
[1, 1, 170, 1, 2, 1, 1, 1, 1, 1, 1]
[1, 1, 1, 115, 8, 1, 1, 1, 1, 1, 1]
[1, 1, 1, 1, 18, 1, 2, 1, 1, 4, 1]
[34, 2, 1, 1, 1, 34, 1, 1, 1, 2, 1]
[1, 2, 5, 1, 1, 1, 5, 4, 1, 1, 1]
[1, 1, 1, 1, 1, 1, 1, 5, 1, 1, 1]
[1, 1, 1, 1, 2, 1, 1, 1, 1, 1, 1]
[1, 1, 1, 1, 1, 1, 1, 1, 1, 1, 1]
[6, 1, 1, 1, 1, 6, 1, 1, 1, 1, 1]
[1, 1, 1, 1, 1, 1, 1, 1, 1, 1, 1]
------------------------------- ProbabilityMatrix ------------------------------
[0.00014943215780035862, 0.00029886431560071725, 0.0007471607890017932, 0.00014943215780035862, 0.00014943215780035862, 0.00014943215780035862, 0.0007471607890017932, 0.0005977286312014345, 0.00014943215780035862, 0.00014943215780035862, 0.00014943215780035862]
[0.00018850141376060322, 0.00018850141376060322, 0.03204524033930255, 0.00018850141376060322, 0.00037700282752120643, 0.00018850141376060322, 0.00018850141376060322, 0.00018850141376060322, 0.00018850141376060322, 0.00018850141376060322, 0.00018850141376060322]
[0.00018867924528301886, 0.00018867924528301886, 0.00018867924528301886, 0.02169811320754717, 0.0015094339622641509, 0.00018867924528301886, 0.00018867924528301886, 0.00018867924528301886, 0.00018867924528301886, 0.00018867924528301886, 0.00018867924528301886]
[0.00019065776930409913, 0.00019065776930409913, 0.00019065776930409913, 0.00019065776930409913, 0.0034318398474737846, 0.00019065776930409913, 0.00038131553860819826, 0.00019065776930409913, 0.00019065776930409913, 0.0007626310772163965, 0.00019065776930409913]
[0.006307977736549165, 0.00037105751391465676, 0.00018552875695732838, 0.00018552875695732838, 0.00018552875695732838, 0.006307977736549165, 0.00018552875695732838, 0.00018552875695732838, 0.00018552875695732838, 0.00037105751391465676, 0.00018552875695732838]
[0.00014943215780035862, 0.00029886431560071725, 0.0007471607890017932, 0.00014943215780035862, 0.00014943215780035862, 0.00014943215780035862, 0.0007471607890017932, 0.0005977286312014345, 0.00014943215780035862, 0.00014943215780035862, 0.00014943215780035862]
[0.00019447685725398678, 0.00019447685725398678, 0.00019447685725398678, 0.00019447685725398678, 0.00019447685725398678, 0.00019447685725398678, 0.00019447685725398678, 0.0009723842862699338, 0.00019447685725398678, 0.00019447685725398678, 0.00019447685725398678]
[0.0001934984520123839, 0.0001934984520123839, 0.0001934984520123839, 0.0001934984520123839, 0.0003869969040247678, 0.0001934984520123839, 0.0001934984520123839, 0.0001934984520123839, 0.0001934984520123839, 0.0001934984520123839, 0.0001934984520123839]
[0.00019546520719311962, 0.00019546520719311962, 0.00019546520719311962, 0.00019546520719311962, 0.00019546520719311962, 0.00019546520719311962, 0.00019546520719311962, 0.00019546520719311962, 0.00019546520719311962, 0.00019546520719311962, 0.00019546520719311962]
[0.0011355034065102195, 0.00018925056775170325, 0.00018925056775170325, 0.00018925056775170325, 0.00018925056775170325, 0.0011355034065102195, 0.00018925056775170325, 0.00018925056775170325, 0.00018925056775170325, 0.00018925056775170325, 0.00018925056775170325]
[0.00019557989438685703, 0.00019557989438685703, 0.00019557989438685703, 0.00019557989438685703, 0.00019557989438685703, 0.00019557989438685703, 0.00019557989438685703, 0.00019557989438685703, 0.00019557989438685703, 0.00019557989438685703, 0.00019557989438685703]
------------------------------- SentenceProbability ----------------------------
Probability of sentence 1 is 8.02752712538e-30 Probability of sentence 2 is 5.66674136071e-31




For the sentence the president has relinquished his control of the company s board
using bigrams no smothing technique - good-turing
------------------------------- Matrix -----------------------------------------
[0, 4, 0, 0, 0, 0, 0, 0, 93, 0, 171]
[0, 0, 0, 0, 0, 0, 14, 0, 0, 1, 0]
[0, 0, 0, 0, 0, 0, 0, 0, 0, 0, 0]
[0, 0, 0, 0, 1, 0, 0, 0, 0, 0, 0]
[0, 0, 0, 0, 0, 2, 0, 0, 3, 0, 4]
[0, 0, 0, 0, 0, 0, 5, 0, 0, 0, 0]
[267, 3, 0, 0, 4, 1, 0, 267, 1, 0, 2]
[0, 4, 0, 0, 0, 0, 0, 0, 93, 0, 171]
[0, 0, 0, 0, 0, 0, 0, 0, 0, 42, 0]
[3, 2, 0, 0, 0, 0, 1, 3, 0, 0, 48]
[1, 0, 11, 0, 0, 0, 33, 1, 0, 17, 0]
------------------------------- ProbabilityMatrix ------------------------------
[0.550896604349485, 0.00011510567766655173, 0.550896604349485, 0.550896604349485, 0.550896604349485, 0.550896604349485, 0.550896604349485, 0.550896604349485, 0.058749210360075806, 0.550896604349485, 0.1080227416298168]
[0.550896604349485, 0.550896604349485, 0.550896604349485, 0.550896604349485, 0.550896604349485, 0.550896604349485, 0.14432989690721648, 0.550896604349485, 0.550896604349485, 6.6780050317316175e-06, 0.550896604349485]
[0.550896604349485, 0.550896604349485, 0.550896604349485, 0.550896604349485, 0.550896604349485, 0.550896604349485, 0.550896604349485, 0.550896604349485, 0.550896604349485, 0.550896604349485, 0.550896604349485]
[0.550896604349485, 0.550896604349485, 0.550896604349485, 0.550896604349485, 6.6780050317316175e-06, 0.550896604349485, 0.550896604349485, 0.550896604349485, 0.550896604349485, 0.550896604349485, 0.550896604349485]
[0.550896604349485, 0.550896604349485, 0.550896604349485, 0.550896604349485, 0.550896604349485, 3.6166115504762085e-05, 0.550896604349485, 0.550896604349485, 6.543078986841041e-05, 0.550896604349485, 0.00011510567766655173]
[0.550896604349485, 0.550896604349485, 0.550896604349485, 0.550896604349485, 0.550896604349485, 0.550896604349485, 0.00014817421532497985, 0.550896604349485, 0.550896604349485, 0.550896604349485, 0.550896604349485]
[0.2831389183457052, 6.543078986841041e-05, 0.550896604349485, 0.550896604349485, 0.00011510567766655173, 6.6780050317316175e-06, 0.550896604349485, 0.2831389183457052, 6.6780050317316175e-06, 0.550896604349485, 3.6166115504762085e-05]
[0.550896604349485, 0.00011510567766655173, 0.550896604349485, 0.550896604349485, 0.550896604349485, 0.550896604349485, 0.550896604349485, 0.550896604349485, 0.058749210360075806, 0.550896604349485, 0.1080227416298168]
[0.550896604349485, 0.550896604349485, 0.550896604349485, 0.550896604349485, 0.550896604349485, 0.550896604349485, 0.550896604349485, 0.550896604349485, 0.550896604349485, 0.28378378378378377, 0.550896604349485]
[6.543078986841041e-05, 3.6166115504762085e-05, 0.550896604349485, 0.550896604349485, 0.550896604349485, 0.550896604349485, 6.6780050317316175e-06, 6.543078986841041e-05, 0.550896604349485, 0.550896604349485, 0.12435233160621761]
[6.6780050317316175e-06, 0.550896604349485, 0.02849740932642487, 0.550896604349485, 0.550896604349485, 0.550896604349485, 0.08549222797927461, 6.6780050317316175e-06, 0.550896604349485, 0.04404145077720207, 0.550896604349485]
------------------------------- SentenceProbability ----------------------------
Probability of sentence 1 is 1.07766690817e-22 



For the sentence the chief executive officer said the last year revenue was good
using bigrams no smothing technique - good-turing
------------------------------- Matrix -----------------------------------------
[0, 1, 4, 0, 0, 0, 4, 3, 0, 0, 0]
[0, 0, 169, 0, 1, 0, 0, 0, 0, 0, 0]
[0, 0, 0, 114, 7, 0, 0, 0, 0, 0, 0]
[0, 0, 0, 0, 17, 0, 1, 0, 0, 3, 0]
[33, 1, 0, 0, 0, 33, 0, 0, 0, 1, 0]
[0, 1, 4, 0, 0, 0, 4, 3, 0, 0, 0]
[0, 0, 0, 0, 0, 0, 0, 4, 0, 0, 0]
[0, 0, 0, 0, 1, 0, 0, 0, 0, 0, 0]
[0, 0, 0, 0, 0, 0, 0, 0, 0, 0, 0]
[5, 0, 0, 0, 0, 5, 0, 0, 0, 0, 0]
[0, 0, 0, 0, 0, 0, 0, 0, 0, 0, 0]
------------------------------- ProbabilityMatrix ------------------------------
[0.550896604349485, 6.6780050317316175e-06, 0.00011510567766655173, 0.550896604349485, 0.550896604349485, 0.550896604349485, 0.00011510567766655173, 6.543078986841041e-05, 0.550896604349485, 0.550896604349485, 0.550896604349485]
[0.550896604349485, 0.550896604349485, 0.8622448979591837, 0.550896604349485, 6.6780050317316175e-06, 0.550896604349485, 0.550896604349485, 0.550896604349485, 0.550896604349485, 0.550896604349485, 0.550896604349485]
[0.550896604349485, 0.550896604349485, 0.550896604349485, 0.5968586387434555, 0.03664921465968586, 0.550896604349485, 0.550896604349485, 0.550896604349485, 0.550896604349485, 0.550896604349485, 0.550896604349485]
[0.550896604349485, 0.550896604349485, 0.550896604349485, 0.550896604349485, 0.125, 0.550896604349485, 6.6780050317316175e-06, 0.550896604349485, 0.550896604349485, 6.543078986841041e-05, 0.550896604349485]
[0.11743772241992882, 6.6780050317316175e-06, 0.550896604349485, 0.550896604349485, 0.550896604349485, 0.11743772241992882, 0.550896604349485, 0.550896604349485, 0.550896604349485, 6.6780050317316175e-06, 0.550896604349485]
[0.550896604349485, 6.6780050317316175e-06, 0.00011510567766655173, 0.550896604349485, 0.550896604349485, 0.550896604349485, 0.00011510567766655173, 6.543078986841041e-05, 0.550896604349485, 0.550896604349485, 0.550896604349485]
[0.550896604349485, 0.550896604349485, 0.550896604349485, 0.550896604349485, 0.550896604349485, 0.550896604349485, 0.550896604349485, 0.00011510567766655173, 0.550896604349485, 0.550896604349485, 0.550896604349485]
[0.550896604349485, 0.550896604349485, 0.550896604349485, 0.550896604349485, 6.6780050317316175e-06, 0.550896604349485, 0.550896604349485, 0.550896604349485, 0.550896604349485, 0.550896604349485, 0.550896604349485]
[0.550896604349485, 0.550896604349485, 0.550896604349485, 0.550896604349485, 0.550896604349485, 0.550896604349485, 0.550896604349485, 0.550896604349485, 0.550896604349485, 0.550896604349485, 0.550896604349485]
[0.00014817421532497985, 0.550896604349485, 0.550896604349485, 0.550896604349485, 0.550896604349485, 0.00014817421532497985, 0.550896604349485, 0.550896604349485, 0.550896604349485, 0.550896604349485, 0.550896604349485]
[0.550896604349485, 0.550896604349485, 0.550896604349485, 0.550896604349485, 0.550896604349485, 0.550896604349485, 0.550896604349485, 0.550896604349485, 0.550896604349485, 0.550896604349485, 0.550896604349485]
------------------------------- SentenceProbability ----------------------------
Probability of sentence 1 is 1.07766690817e-22 Probability of sentence 2 is 1.64116984257e-17
